1111. 7, 2 p. 176, 26.
’11111μῃπ.
11117, 2-11 p. 11, 3.
nm 7, 3 p. 177, 2.
1111. 7,1 p. 177, 10.
11117, 5 p. 177, 23.
1111. 7, 5 p. 177, 27.
11117, 5 p. 178, 5.
1111. 7, 6 p. 16, 1.

1111 7, 6 p. 178, 15.

1111. 7, 6 p. 178, 23. Ι

1111. 7, 7 p· 179, 2.
1111. 7, 7 p. 179, 11.
1111. 7, 8 p. 179, 26.
υωωηηηη
1111. 7, 13 p. 17, 5.
1111. 7, 13 1180, 2.
11110111

111111111

1111. 7, 11 p. 180, 8.

11111ωμ1
1111. 7, 18 p. 180, 28.
1111. 7, 19 p. 181, 11.
1111. 7, 22 p. 181, 25.
1111. 7, 25 p. 182, 5.
1111.8,1 p. 155, 5.

1111. 8, 12 p. 155, 19.

nmpstupmaz

1111. 9, 1. 2 p. 156, 9.
1111. 9, 21 11182, 9.
1111. 9, 21 p. 158, 1.
1111. 9, 26? p· 157,12.
1111. 9. 27 p. 21, 3.
1111. 9, 27 p. 23, 1.
1111. 9, 27 p. 101, 19.
1111. 9, 27 p. 108, 6.
1111. 9, 27 p. 111, 22.
nmawpfflst.
11111927 p. 187, 6.

1111 10, 1 sqq. p. 160,16.

’ 111

Ι 1111. 10, 6 p. 182, 15. ¹.

nawapwzm
Μωωμωμῆη
1111. 10, 12 p. 183, 2.
Dan. 10, 13 p. 183, 7.
11111ωμ1
1111. 10, 18 p. 183, 25.
1111. 10, 20 p. 131, 2.
1111. 10, 20. 21 p. 161, 26.
ωωῃμηωῌ1
1111. 11, 2 p. 162,11.
1111. 11, 6 p. 163, 23.

1111. 11, 71). 163, 2.
υωηΛμῇω,
1111. 11, 21 p. 165, 13.
1111. 11, 31 p. 33, 7.

1111. 11, 33 p. 163, 18.
1111. 11, 36 p. 165, 18.
1111. 11, 11 p. 27, 1.
ωιΗᾸμωρΛωΛ1
Dan. 12, 1 p. 181, 10.
Dan. 12, 2 p. 31, 21.

1111. 12, 2 p. 115, 8.

1111. 12, 21. 181, 27.
1111. 12, 2 p. 185, 2.

1111. 12, 3 p. 185, 6.

’1111μ11.

1111. 12, 5-7 p. 166, 30.
1111. 12, 7 p. 167, 19. 22. 25.
υωωημωμι
1111. 12, 9 p. 185, 17.

1111 12, 11 p. 166, 8.

1111. 12, 11 p. 167, 31.
nmmufflffiz
mmzstmppz
nmmmpmss.

· 0111 13, 15 p. 91, 19.

0111 11, 10 p. 171, 3.
0111 15, 1 p. 91, 21.
Amos 5, 11-13 p. 95, 1.

 

