ὴ868μΗΆ9
Ruj- 8, 6.7 p. 29, 17.
1111110, 12-17 ρ. 8, 15.
1111111, 1 p. 6, 8.

Eeaj. 11, 2 p. 198, 20.
ὓηηΛμηῇη
Euj. 11, 18 1127, 8.
Βψηημωᾲη
811118, 8-21 p. 8, 26.
ᾕῃψηυμηη
1111118, 1.-2 p. 80, 9.
1111111181.Ι
ῂψωηηπ
Ε11], 26, 19 p. 88, 28.
ὒηωωμωμ1
ᾕηωωμπΛι
Euj. 29, 11 p. 159, 1.
Euj. 88, 17 p. 21, 19.
Ε11]. 88, 5 p. 182, 16.
Ε11]. 88, 6 p. 88, 5.
811185, 5 p. 88, 5.
mmmawssm
Esaj. 85, 18 p. 85, 16.
ῂᾳηαημηη
1111187, ’1 p. 16, 7.

Ε11], 89, 9 p. 158, 28.
1111158, 1 p. 55, 16.
Ε11],58, 28 p. 21, 18.
Euj. 58, 8 p. 56, 28.
811158, 9 p. 191, 10.
1111158, 9 p. 150, 1.
1111161, 1 p. 158, 6.
ἣμῌηηω
Esaj. 65, 1 p. 51, 80.
111ιῇ. 66, 12 p. 87, 18.
1111166, 28 p. 85, 16.
ωω1ωμηω
1111117, 8 p. 15, 27.
11111118, 16 p. 8, 6.
11111118, 16 p. 108, 8.

11111117, 11 p. 28, 8.
11111122, 28-80 11185, 8.
1111111. 28, 18 p. 52, 15.
1111111 25, 11 p. 185, 28.
11111125, 11 ρ. 156, 7.
111111125, 11 11156, 29.
81111128, 2-10 p. 9, 80.
81111128, 6 p. 27, 22.
1111111. 28, 9¹1). 27, 26.
11111. 1, 1 p. 168, 21.
111111, 8 p. 168, 27.
111111, 12 p. 169, 8.
Dan. 1, 15 p. 169, 17.
υηῃωμωη
mmstpmffi ·
11111. 2, 5 p. 170, 11.
11111. 2, 10 p. 170, 22.
11111. 2, 18 p. 170, 28.
111112, 28 11170, 80.
11111. 2, 27 p. 171, 7.
111112, ²99· 171, 12.
11111. 2, 81 p. 171, 23.
111112, 81 11171, 29.
υηκΜ-πμωμα
11111. 2, 81-89 p. 99, 9,
11111. 2, 88 p. 172, 16.
111112, 88 p. 172, 20.
111112, 85 11172, 27.
11111. 2, 86 11178, 6.
11111. 2, 88 p. 178, 19.
111112, 89 p. 178, 27.
Μωμμωψ
11111. 3, 7 p. 178, 15.
111118, 16 p. 178, 20.
υω1ψμω1
11111. 3, 22 p. 175, 12.
111118, 25 p. 175, 28.
111118, 26 p. 176, 8. -
11111. 8, 80 11176, 18.
111117, 1 p. 176, 20.

 

